url_path,views_total,views_unique
/ServerlessLLM/ServerlessLLM,1676,763
/ServerlessLLM/ServerlessLLM/issues,396,68
/ServerlessLLM/ServerlessLLM/pulls,216,32
/ServerlessLLM/ServerlessLLM/blob/main/docs/images/wechat.jpg,99,84
/ServerlessLLM/ServerlessLLM/issues/123,91,23
/ServerlessLLM/ServerlessLLM/stargazers,86,7
/ServerlessLLM/ServerlessLLM/tree/main/sllm,67,36
/ServerlessLLM/ServerlessLLM/blob/main/CONTRIBUTING.md,55,29
/ServerlessLLM/ServerlessLLM/tree/main,51,31
/ServerlessLLM/ServerlessLLM/issues/128,46,10
