url_path,views_total,views_unique
/ServerlessLLM/ServerlessLLM,447,172
/ServerlessLLM/ServerlessLLM/pulls,118,9
/ServerlessLLM/ServerlessLLM/pull/221,109,6
/ServerlessLLM/ServerlessLLM/issues,71,16
/ServerlessLLM/ServerlessLLM/pull/221/files,50,4
/ServerlessLLM/ServerlessLLM/tree/main/sllm_store,36,16
/ServerlessLLM/ServerlessLLM/blob/main/sllm/serve/schedulers/storage_aware_scheduler.py,35,1
/ServerlessLLM/ServerlessLLM/tree/main/blogs/serverless-llm-architecture,30,20
/ServerlessLLM/ServerlessLLM/graphs/contributors,30,9
/ServerlessLLM/ServerlessLLM/tree/main,21,11
